1.362495402184680415e+02 6.713489158091525155e+01 1.783402496220687112e+02 1.401986839483843426e+02 2.242906404196963024e+02 9.963417553682614880e+01 1.853111868264078055e+02 1.191394460105669140e+02 9.476176894095518222e+00 7.727353282177400473e+00 1.125964036051452588e+01 9.560389334531679495e+00 8.204154740625840603e+00 9.498839464306074731e+00 8.036178769523342424e+00 1.195973271314279529e+01
5.680386449727554776e+01 2.830141342704108354e+01 3.061819837219226415e+01 3.290206282843228536e+01 1.170472837535337476e+02 4.205978773925843939e+01 8.420800036219303308e+01 3.755257220245568561e+01 1.073124697663839200e+01 8.903848049627079320e+00 8.347899336562898398e+00 1.156377420178975690e+01 7.443546800338920022e+00 7.832092636471667646e+00 8.805285916548131198e+00 6.127265051347630553e+00
4.698342567543895143e+02 1.616439970917728601e+02 2.663620460516798403e+02 1.442525521490177880e+02 4.529164173229948460e+02 1.522551651510766249e+02 4.319217430253254406e+02 1.512125358473151948e+02 5.402257893021385371e+00 5.519496712415123518e+00 4.763051782024305680e+00 5.856845573648335801e+00 5.820268501788537385e+00 6.977164034248490410e+00 8.031489306593298849e+00 6.421658933585977280e+00
1.426058145921844869e+02 1.101113868961409565e+02 1.465040504492199886e+02 8.624005387939513412e+01 1.667610300638425542e+02 1.129148865246595079e+02 2.172770173987854605e+02 9.423213585313970952e+01 9.888878668896239788e+00 4.820425283629700353e+00 5.880438692655403088e+00 6.622563944879376940e+00 6.592575865320084993e+00 6.520751072004931537e+00 7.477232460453176799e+00 6.829024621279200069e+00
1.150158223802059183e+02 3.327564249946877339e+01 1.191212680852607235e+02 6.529792619977480683e+01 8.020580978316311871e+01 2.656283152910314271e+01 1.026340472659499454e+02 3.485371429837808677e+01 7.634192134364704785e+00 6.995047596146475755e+00 7.356282231714189379e+00 6.935186440037615974e+00 7.463770741969934619e+00 8.100264983775618433e+00 7.969376011457065090e+00 7.695996007164428221e+00
1.720049422467384090e+02 7.019486511133094098e+01 2.056987162722259086e+02 8.079955376784390353e+01 2.332584670797274384e+02 8.536740805704999957e+01 9.391637639201908883e+01 5.732170694042838477e+01 7.581306864334923290e+00 8.753738777855021524e+00 7.733596451326947729e+00 7.655556763551535582e+00 7.084261673144638394e+00 9.109214588343885310e+00 8.066122764430122771e+00 7.192582359070307518e+00
8.240673526854055808e+01 8.947987412384689776e+01 1.223479087916483934e+02 7.705397034384971278e+01 1.982277790886332411e+02 3.755133293712597720e+01 2.128953605899223191e+02 5.022280220379935400e+01 1.063268675220579418e+01 1.152278909993353295e+01 8.985005034999881346e+00 7.341146906899639113e+00 1.032634122069585736e+01 8.406623205923882125e+00 1.018803716212638122e+01 7.871486488250079461e+00
1.905122105286323801e+02 9.205207766869513364e+01 1.117167467314319680e+02 7.113201046105017156e+01 1.087217013050464516e+02 3.848019451121376022e+01 1.865720809987215887e+02 3.473383285082675798e+01 9.206005045175039925e+00 5.692746660080824306e+00 7.691031875954284835e+00 7.631924595528923660e+00 8.529310596518827836e+00 6.954231016577806734e+00 9.626427775520566499e+00 9.177538546618151827e+00
2.023688290063096247e+02 5.920662191489097381e+01 4.010550328390041130e+01 3.612107859597322346e+01 2.398023290664664273e+02 3.169822154508677059e+01 9.908824863925875093e+01 2.090291972841272994e+01 4.854888871259712246e+00 7.449590201619405327e+00 6.539640778398105425e+00 8.202648610640812521e+00 4.703480701632436478e+00 7.848277751578573103e+00 5.770542048852917105e+00 6.774066289069485158e+00
2.052112265142337435e+02 9.314249895336787688e+01 2.340532196300135013e+02 9.043888748043472958e+01 2.693440778569346321e+02 1.015571163905236176e+02 1.092786368806768991e+02 7.264880682757988950e+01 9.667614768596987318e+00 9.644038372928553926e+00 1.036012267313532753e+01 7.812781993720721019e+00 9.968739812007274992e+00 7.880720672679850658e+00 8.633399826832617308e+00 8.217173640620320185e+00
1.526140268997383203e+02 3.699819926013032756e+01 5.398013937686369701e+01 2.905562526490345121e+01 9.000722795406649368e+01 6.831444730934968845e+01 1.958041183938132122e+02 4.017414261426750244e+01 9.428156545545004263e+00 6.709007552856530054e+00 7.589029649454597681e+00 8.279670647321555776e+00 6.879704135364439921e+00 9.152937464515526145e+00 7.866621206136452216e+00 8.601197607117390120e+00
2.264032204648099267e+01 1.640835906056693361e+01 1.355851315178137106e+01 1.273657025543358223e+01 2.676771063813250606e+01 1.220319625081436854e+01 4.234484915442920538e+01 1.440017591541026221e+01 6.523746051538512170e+00 7.596114367431835213e+00 1.118647631807595921e+01 4.886010296435861378e+00 7.029295633035667734e+00 6.505810903878058937e+00 7.795849868473301747e+00 8.815181680704123224e+00
3.818931156829489169e+02 4.269935797100698096e+02 8.571967480546562967e+01 5.471875306238300141e+01 4.507989416259846962e+02 2.147245955029580671e+02 1.226113478654024220e+02 4.013083459007031450e+01 5.859819343280920023e+00 6.839593804557611456e+00 9.108014815599734249e+00 8.278901481855985622e+00 7.881218137888379438e+00 7.750665648333969315e+00 1.144157083291462307e+01 6.775604487491276195e+00
7.023992186378302449e+01 4.001439572827265323e+01 6.752030845730021724e+01 4.984614471953523207e+01 1.949956903133510650e+03 1.618038251052107853e+03 8.891252935360951426e+01 7.050697623564089156e+01 6.975858175892632573e+00 8.318524390961963277e+00 7.304998324891443851e+00 8.773145592606528709e+00 6.407683701468140036e+00 6.347460325600587261e+00 5.928069022289322199e+00 6.598586970073403890e+00
9.604537746085057393e+01 7.252025018265746326e+01 1.327628264475862352e+02 4.550363007563198892e+01 8.068579451090845112e+01 7.544909515619937679e+01 1.313800496796698951e+02 5.115731989600680407e+01 1.021945613517203100e+01 7.555193028839809699e+00 8.536030319620271811e+00 8.137141582706123089e+00 8.073237257533801170e+00 6.222729729991725911e+00 7.581905321374215134e+00 7.120000757908957034e+00
1.876508732575805709e+02 8.714731624558385192e+01 2.019103464841049345e+02 8.153124591015611600e+01 2.668978631567281354e+02 1.099859645509525450e+02 1.091744338549333975e+02 5.224511378457641797e+01 7.794272154630743188e+00 7.209717059847795539e+00 9.570020252313600650e+00 7.208351936322023867e+00 8.401780381822014476e+00 7.552022638156357104e+00 8.050997255370621275e+00 6.632389811591320239e+00
9.536702563534096555e+01 4.390945077725996981e+01 1.333214560823944907e+02 7.136723586700294675e+01 1.080596188477835398e+02 4.185850849281307262e+01 2.801834567098010211e+02 1.465149835521735611e+02 7.057617203122934946e+00 7.157484539827085435e+00 9.129640243884988848e+00 9.382703857129738978e+00 7.184680973674428373e+00 9.973340875680204221e+00 1.044151466809766049e+01 8.524376192215106229e+00
6.976522065039178244e+01 3.819150418701882899e+01 5.774997836911813920e+01 4.667265218964529794e+01 6.369824747607219706e+01 3.111726401705859502e+01 8.578084588396073684e+01 3.298473718332608939e+01 7.534976295078386954e+00 7.404841649908716406e+00 8.450661252656232136e+00 1.218689164676461623e+01 1.068835574082378947e+01 7.635593248702901015e+00 6.930735842321641194e+00 8.284689658788535027e+00
1.495282260977984379e+02 1.420580579101831233e+02 8.827559850670073160e+01 8.594600801019619496e+01 7.763230404612237123e+01 6.535789654311560071e+01 2.599919800301120176e+02 7.894972647583314540e+01 9.316788371109364419e+00 9.983489119261680145e+00 6.633438698529098509e+00 8.935999237874895584e+00 7.026964129700581374e+00 6.754521485455005525e+00 7.768867908928441146e+00 7.325444754546814430e+00
1.145353139563171112e+02 6.362170221101614231e+01 8.400723219709290390e+01 5.356752979977636642e+01 1.371275793439648112e+02 6.760987755022860313e+01 9.989160198274959157e+01 6.930408742000285827e+01 6.324303617013013579e+00 1.083175068747001113e+01 9.258879518315648482e+00 7.533832107728111183e+00 8.660206238062999162e+00 8.930295911465481851e+00 5.667214521336533473e+00 8.614297080139749596e+00
6.749555244357586048e+01 5.240498135039513272e+01 4.566886075586405269e+01 4.311109861198096382e+01 7.319692690374824906e+01 2.750041198654946228e+01 9.383825892726603968e+01 4.912213433684188857e+01 1.015308970677444300e+01 8.773274599546260433e+00 1.006866624378764286e+01 9.341473293115727827e+00 8.922651563388397378e+00 8.427725916821987795e+00 7.544753206013475655e+00 8.910309631650029871e+00
1.700737934243724112e+02 6.488664348669001924e+01 1.759301259853174315e+02 8.445401593591788014e+01 1.841554577930668302e+02 4.318982803696973605e+01 3.381835233336865372e+02 1.436137972390238815e+02 1.049255604136995146e+01 9.023570314730104514e+00 9.074321711116343891e+00 8.858427259727166714e+00 1.055733846512680785e+01 9.686106741482186422e+00 1.037307499530172983e+01 7.808413929780714469e+00
1.173965646910192504e+02 5.289871768940506058e+01 9.850526060350593127e+01 7.923516748393616638e+01 1.001601488541323164e+02 3.117969312527507242e+01 1.045433937316290809e+02 3.323977935418048446e+01 6.446511263605740005e+00 5.550394321065658332e+00 5.705990084489187986e+00 5.144464159547964321e+00 7.009887076227406588e+00 5.341212587640032261e+00 5.994221414335878961e+00 8.067043650379829955e+00
9.051331773699361349e+01 4.355065257552551117e+01 3.900620065839475359e+01 5.425630060386213671e+01 8.026857902673576461e+01 2.280636826169927289e+01 7.064726026446783180e+01 1.791246860511157735e+01 6.783795170316305523e+00 8.173581581221158743e+00 5.367969907247405636e+00 7.080631796802214772e+00 5.012295253983790388e+00 9.658242086176421992e+00 4.571163557620852025e+00 5.343858757699659456e+00
2.056611520175771091e+02 1.377957907669101019e+02 1.026431635263959947e+02 6.135387570197391938e+01 1.981475650815392271e+02 1.176275793658062270e+02 3.051737416590317480e+02 5.883989292955945416e+01 8.273519603103299147e+00 9.408801374412869123e+00 1.046417939166206601e+01 1.028989388550571249e+01 7.715879436369990962e+00 9.391318518094749379e+00 1.174974108760704006e+01 8.213137577392432220e+00
6.998133813962323302e+01 4.391624095014071116e+01 4.819417082108407158e+01 4.116576632381781309e+01 7.020300963776259096e+01 5.650879911963993152e+01 1.726675602970344414e+02 5.261673476679888495e+01 7.918903241075173405e+00 7.364921486700977127e+00 8.066899699065183782e+00 7.385205214213633518e+00 6.366279639185429495e+00 9.902599890041422270e+00 8.393773566386743212e+00 7.637992397004508938e+00
1.823993360893178988e+02 1.099969554141677577e+02 1.123558856981655083e+02 3.773286289424321893e+01 2.012524220541744455e+02 1.115365737932503976e+02 1.876251712961440035e+02 3.850296245641522574e+01 5.081973048098570978e+00 7.359066861848904573e+00 7.881337902244403892e+00 1.026368550479493003e+01 5.598190532086856130e+00 5.758268632150092436e+00 6.660010613844177030e+00 7.116518793242068597e+00
1.764743041501085941e+02 8.925534350695880903e+01 1.864953937975829206e+02 8.935653800700005434e+01 2.114194394692469245e+02 7.897193359795197409e+01 1.295236400445313620e+02 6.829718999252662570e+01 8.226131878728653035e+00 1.024667398770114524e+01 7.823778876990593822e+00 9.414979306741887655e+00 7.087933342579852081e+00 9.087259723923777344e+00 1.127956438404654804e+01 7.660904290952078810e+00
1.626252992343515587e+02 5.953797358433546094e+01 1.566860459542639603e+02 9.300202884093904743e+01 8.011780341993470245e+01 8.219504556947266849e+01 2.290607831143864246e+02 9.211706555556089882e+01 8.901952491829680625e+00 9.458192031594066407e+00 9.803979418769761978e+00 8.074575026114597875e+00 9.317141205750806066e+00 9.308460344660833385e+00 8.990909660792198110e+00 9.376511709116309490e+00
2.109744656912296534e+02 9.465632363591633691e+01 2.625896995987525315e+02 7.979278619817256413e+01 2.407328202165192863e+02 9.258305732810610778e+01 1.102110510390310196e+02 4.445869632338292377e+01 7.920269130165856097e+00 7.834300692692526269e+00 1.015637561610600770e+01 9.257304197262026690e+00 8.664212074487652515e+00 7.613682950382155923e+00 9.778488168857126794e+00 8.130265436753443709e+00
8.624151189982397625e+01 3.944859151647573015e+01 8.084489387098422242e+01 4.784574939557872142e+01 1.114379404620717509e+02 3.644414010004425108e+01 2.082025386366417194e+02 4.414828456545340174e+01 6.854610181559807280e+00 8.406363343645100628e+00 6.370621166019996728e+00 9.096188696684752273e+00 6.162129739028423536e+00 9.179231488772728653e+00 8.538173139656915822e+00 6.844426840141413670e+00
7.731543442978221492e+02 4.051561415696055946e+01 7.449522549877874553e+02 3.530144498762619065e+01 7.212732490682282105e+02 2.741147240147343211e+01 4.606943461401678519e+01 3.746525035089633349e+01 7.417418606329459152e+00 6.775995582444801713e+00 7.413242259325836692e+00 9.144773979732061520e+00 7.450837435650836227e+00 6.118126573929557388e+00 7.277332813158460034e+00 6.455765077938532492e+00
1.525676768724920009e+02 7.283436958818487028e+01 1.462204789718200004e+02 4.618587930529041330e+01 9.786532806196727563e+01 4.919671919109010361e+01 9.647045609026108082e+01 3.521531203915351682e+01 9.152383974571387526e+00 7.316493762401982792e+00 6.605945804826080625e+00 7.965291200228794999e+00 7.429578063669511678e+00 5.923179703595516266e+00 5.529835799631771742e+00 7.251573398968586659e+00
1.882332107897714479e+02 4.095316524757441101e+01 1.650708346741581636e+02 8.500752411279769660e+01 7.416359526820946257e+01 4.545915453886293278e+01 1.295527005642286724e+02 4.592877316633707352e+01 5.630763136189129270e+00 6.285145004968751614e+00 6.305334444316298637e+00 7.042808548380435241e+00 5.602209124157750075e+00 6.615009778431016230e+00 5.654169829088235844e+00 7.666457580521935711e+00
2.018847283194922113e+02 7.766256599410579042e+01 2.056180619947685955e+02 1.021996698874703213e+02 2.554580415484189757e+02 8.149591184626568463e+01 1.058856279875021329e+02 6.517535704970869403e+01 7.406179331155946066e+00 1.068797687025288212e+01 8.339701899067485158e+00 6.662569624535368717e+00 6.805263247769162582e+00 9.419116766956440401e+00 7.571453806130895359e+00 7.050496301018735146e+00
1.823960923149749362e+02 8.411370196782371522e+01 2.297453812440546415e+02 8.790149062087293430e+01 2.487391221403892985e+02 7.975390992392937051e+01 1.070348989997533522e+02 7.142966968902261726e+01 8.856118314411812520e+00 7.920863363786541989e+00 1.036897326673512332e+01 8.927013219650083542e+00 8.474705917022578916e+00 8.015722492531091703e+00 9.447763199416735702e+00 1.031910183869856290e+01
1.232484572749208525e+02 5.926935431825081935e+01 1.276900609758672687e+02 7.463055248965002875e+01 8.165083476778112015e+01 4.680869269493978635e+01 1.147181347508678613e+02 6.990047544863624296e+01 6.475506618767894018e+00 6.842074916280179053e+00 7.003351567176616221e+00 9.481906622691735009e+00 7.937746901352753071e+00 8.409710036803518918e+00 7.342225096056838929e+00 9.670048678347800575e+00
1.234079197680303537e+02 5.140967618947691165e+01 7.745232958745010876e+01 2.573914864181674389e+01 1.294670114228887314e+02 5.432899694587353423e+01 1.013474728818935660e+02 4.337142229227401913e+01 6.222690678236969752e+00 5.919258579045409085e+00 9.778927347764883038e+00 7.430621748246138303e+00 5.182402363175375726e+00 6.052485939023305228e+00 5.915996661327221240e+00 7.886024906018826997e+00
2.689322179575568583e+01 1.785019285801334021e+01 2.916296928309852987e+01 1.863310963421237432e+01 8.966474351213493321e+01 2.154629126114030058e+01 5.880071753946781854e+01 2.280287945369412128e+01 6.399085144536017289e+00 4.195030790308803326e+00 5.610978238431921561e+00 6.291229961443144170e+00 5.212754878631913336e+00 7.196385150580828061e+00 6.150690715079734083e+00 4.999766980373529179e+00
1.383374394070117717e+02 4.677902497067800880e+01 8.347066576283418726e+01 4.714829709755797893e+01 2.722065064530207792e+02 1.334430165425399366e+02 2.021761269126482148e+02 8.220502249277323870e+01 7.026343811528417582e+00 5.639252472187434861e+00 8.559516927515099738e+00 6.697523662446033477e+00 9.617163236011002425e+00 6.329769484921585310e+00 8.713559926362284713e+00 6.714628496257569523e+00
3.657590425530020894e+01 2.793157980948904751e+01 1.981906653338142732e+01 1.621775149134785821e+01 7.628836575200358538e+01 3.944007987644843638e+01 4.327902260337371843e+01 2.448765782026691795e+01 7.774071262126083681e+00 8.680446938582567995e+00 5.074930273726725005e+00 6.380924164882060268e+00 6.958305384412595274e+00 7.243323486826696467e+00 5.587361167877657131e+00 5.384526948716430894e+00
2.132174080095470572e+02 5.499781054873103159e+01 1.517120419945812273e+02 7.243436777623891487e+01 9.090630980807749495e+01 3.030264635376394367e+01 8.918761281394678520e+01 4.408718480766970771e+01 7.490054714611965814e+00 6.564323578414250626e+00 5.722081839248548185e+00 5.647798142188650061e+00 4.477845487428666615e+00 8.891736683952370157e+00 5.002249580565484521e+00 5.699475034941772655e+00
6.249484203401267024e+01 3.265137351057129678e+01 7.138535119531231032e+01 2.776169663121203612e+01 5.815596486618223793e+01 4.020660881928115060e+01 5.758480045053654806e+01 6.038451983213851548e+01 7.416184974261133434e+00 8.247056792637781797e+00 7.610615743453672977e+00 6.983808568336868028e+00 7.295411508348683682e+00 8.926856599855454988e+00 8.261514934499427198e+00 7.384423242729226011e+00
5.822871994367617532e+01 3.150288367505379128e+01 5.366845535788053922e+01 4.287388222288283401e+01 4.174126678538853241e+01 1.846202564423720460e+01 5.366849287509422339e+01 3.480099121391946682e+01 7.852984740439716838e+00 7.797327603657923767e+00 7.193153688262136747e+00 7.437926540172613343e+00 8.401174016357089158e+00 8.438374642719519869e+00 6.875511766839220940e+00 8.138379619376863161e+00
2.442619006101028276e+02 8.695188932988038744e+01 2.105882631912927536e+02 1.384138726256656184e+02 9.939921866144382534e+01 1.227673168064615794e+02 2.955917589549389390e+02 6.936697931607710643e+01 6.706387636082057568e+00 5.951841974495987841e+00 8.778948103534215619e+00 1.026213307396733398e+01 1.032808735835598668e+01 1.156799371000749055e+01 1.034874467829396316e+01 8.299070347738553011e+00
2.240738483004344062e+02 7.137438328796834242e+01 1.931654049570153120e+02 8.416688422600518038e+01 2.386559950854208410e+02 6.903648627465589982e+01 8.932420300151420633e+01 7.169784094117424900e+01 9.173887242441198353e+00 9.377120817429284827e+00 7.788011670990740321e+00 8.732553064417313493e+00 9.076782633173374748e+00 8.630055241988161541e+00 7.892727191927893848e+00 8.515363475519086123e+00
2.514864665878395442e+02 7.352013914224899338e+01 2.432748224216945232e+02 1.189961194976033170e+02 2.339762291388978213e+02 7.068079024899132889e+01 4.186589706333348886e+02 1.616747828543130083e+02 8.580650343299122795e+00 9.144842909360082928e+00 8.864127538122694716e+00 7.952032500525149317e+00 9.253604847193914296e+00 8.658205614052063126e+00 6.610478691928300066e+00 7.213376380201157012e+00
1.288466147000087574e+02 2.137062962965669222e+00 1.181772254803839104e+02 9.023954704558748929e+00 1.215018127153668530e+02 2.774927225114149465e+00 1.262316894354827923e+02 6.138194769000597795e+00 4.952930458481512588e+00 6.524100947474248180e+00 5.335893758364441908e+00 1.214131685097773028e+00 5.164182591734596706e+00 4.414363546888051104e+00 5.064394703718607893e+00 2.410388663207715609e+00
3.050471730524432701e+02 1.349242855727164851e+02 1.557153534103680101e+02 6.967100052442334857e+01 2.742976223670311242e+02 1.549897265285701167e+02 2.430150302663404602e+02 6.268466755011139213e+01 6.652500899452642003e+00 5.048012998161611975e+00 6.270553246836370498e+00 1.074242311893724455e+01 6.954138689231348813e+00 6.134629218302114495e+00 8.201478040388181512e+00 1.002734145417802658e+01
5.227696073798854286e+02 1.700098637853380410e+02 5.387405185943557626e+02 7.766460812003896308e+01 3.939959182876962132e+02 2.544389909415297666e+02 6.917544894436915683e+02 1.228157218605083898e+02 7.005558132058196108e+00 7.478301336733223614e+00 8.321180124479406359e+00 9.584071424628398006e+00 7.072632704938667025e+00 5.976539527692372289e+00 8.960693659710187831e+00 5.006783473735507251e+00
1.843005189100839516e+02 1.904618663058647883e+02 1.746128762835778332e+02 1.200856431116215930e+02 2.393121129491471208e+02 1.155893626862744838e+02 2.482273703739166422e+02 1.293481916404624599e+02 6.074532655782926227e+00 5.388238146636850523e+00 9.837562340268357630e+00 1.024379874200361229e+01 5.592691871595374842e+00 7.206901348037874300e+00 7.809899215410893270e+00 1.297086275811139977e+01
2.132174080095470572e+02 5.499781054873103159e+01 1.517120419945812273e+02 7.243436777623891487e+01 9.090630980807749495e+01 3.030264635376394367e+01 8.918761281394678520e+01 4.408718480766970771e+01 7.490054714611965814e+00 6.564323578414250626e+00 5.722081839248548185e+00 5.647798142188650061e+00 4.477845487428666615e+00 8.891736683952370157e+00 5.002249580565484521e+00 5.699475034941772655e+00
2.593784080032092447e+02 1.236368219280847285e+02 3.108046820351455040e+02 9.331905679310547441e+01 2.795796684577904898e+02 1.568679412380407143e+02 4.335280026076938498e+02 7.919675885014117966e+01 5.331603072960632517e+00 9.571125405560277244e+00 9.448773843933667038e+00 8.446563858487110110e+00 7.083590530080612346e+00 9.906831331312176303e+00 6.679065359784380540e+00 1.091699094134594539e+01
9.051331773699361349e+01 4.355065257552551117e+01 3.900620065839475359e+01 5.425630060386213671e+01 8.026857902673576461e+01 2.280636826169927289e+01 7.064726026446783180e+01 1.791246860511157735e+01 6.783795170316305523e+00 8.173581581221158743e+00 5.367969907247405636e+00 7.080631796802214772e+00 5.012295253983790388e+00 9.658242086176421992e+00 4.571163557620852025e+00 5.343858757699659456e+00
1.027590674523602985e+02 4.171325940671473376e+01 1.877776999084142346e+02 5.530522834237376628e+01 9.331340365327049824e+01 3.988299509818941146e+01 1.319035413898191393e+02 5.315179959880722294e+01 6.766255403411186364e+00 9.623084958350071716e+00 9.341042156920098094e+00 1.147200372366275545e+01 6.538573209851966439e+00 7.365484238873485801e+00 9.368843554588011102e+00 8.805058554786382885e+00
1.113220850886015825e+02 6.247777106329588293e+01 2.016734391120110672e+02 1.693024610347025600e+02 9.652483976537872934e+01 1.248726459683225727e+02 1.417973225620942515e+02 6.411517914776976568e+01 5.813319868933962020e+00 5.837835667215779623e+00 6.466476322238176699e+00 6.645655234540774003e+00 8.854817790527793164e+00 6.745472361329818867e+00 4.924179162387765096e+00 7.273884793856286279e+00
1.855488900670792987e+02 6.157250821613044423e+01 1.058765920200521435e+02 9.187073533528968028e+01 1.151778244494441452e+02 1.280033378685326397e+02 1.891898689835005598e+02 8.697829486516590691e+01 7.626374434387161116e+00 8.744693525478869134e+00 6.886038751686753834e+00 8.310840601356112245e+00 7.410956616337596614e+00 7.270027717129357470e+00 7.287929927765126159e+00 6.145190269919250881e+00
1.245912927438230753e+02 3.524047070139980775e+01 1.411947590052174064e+02 7.883464448690060067e+01 9.268426960458269548e+01 2.596587169106666337e+01 1.132613726598776225e+02 4.558517340300886644e+01 5.718302757847364859e+00 6.498201668119950369e+00 7.926312114744026971e+00 7.231384683400262858e+00 8.657952555020116847e+00 4.887279626972925506e+00 7.125972417531954761e+00 6.146365949559487341e+00
2.781728215591816777e+01 2.142434841364252662e+01 3.243627611536573596e+01 2.893523432278492180e+01 3.432219671457124122e+01 1.540405542577511078e+01 5.264346833755612920e+01 8.246367195445801102e+00 8.202220802869021554e+00 7.465088221779908828e+00 6.866823597929414547e+00 7.781686394559681474e+00 6.456996992569425053e+00 7.771113690086832726e+00 6.849743415162721227e+00 6.596481411475491718e+00
7.115850326157404027e+01 3.750327607223351833e+01 5.088727776776045175e+01 3.452018078793899747e+01 5.592838424571695555e+01 4.554948328337491148e+01 7.068741255872912177e+01 1.421919629265069673e+01 6.325064001781394829e+00 7.864177093353739600e+00 8.417529894503195109e+00 8.664654610165500870e+00 6.263523658434026586e+00 6.013437744826665821e+00 6.316729063239453268e+00 7.086684278039546925e+00
7.726903236805471806e+02 5.017319976525312342e+01 7.959997513837644192e+02 3.407279898001220175e+01 7.742260851165953000e+02 6.267489703344774199e+01 7.870442361367826152e+02 2.719620446934707303e+01 7.888982175639318584e+00 7.965588615316194776e+00 7.694627668904630013e+00 9.489148588041885546e+00 7.742993556466928773e+00 5.282055193506032253e+00 7.808563790358852508e+00 6.821700495424170008e+00
3.282474603133719881e+01 1.809710029001878695e+01 2.026486193372992872e+01 3.950811224032411673e+01 4.640943977891013361e+01 2.011936210062092201e+01 5.329533500129259949e+01 4.623656660322214407e+01 9.504763694020823550e+00 8.938578252540436253e+00 7.927022930926892919e+00 7.759739295732672737e+00 6.864923257772776566e+00 8.209423582100344063e+00 7.706564455370677358e+00 9.678242044995668536e+00
2.748285192803087398e+02 1.224314231943342861e+02 9.932550575708161489e+01 4.522007050539264839e+01 3.079162886507310191e+02 1.892229142240351507e+02 1.629314145639813205e+02 4.470258415803829166e+01 1.305334623550383810e+01 1.324880422528526758e+01 7.424457865244674437e+00 1.068633855392377363e+01 1.363750052902493159e+01 1.357431664270909089e+01 1.266475112397490399e+01 1.105134906561962715e+01
4.096779926472223110e+01 2.815907537089364965e+01 2.941720204486734858e+01 2.459628445221861526e+01 8.162880937950359339e+01 2.803558976541195236e+01 8.088288584181984220e+01 3.680823754175135321e+01 6.572672654387902824e+00 1.015585445510157392e+01 7.544418974586688087e+00 6.557141310732115258e+00 7.643453673889572642e+00 7.340725504041176741e+00 8.271302296710716817e+00 6.684202069291544035e+00
1.495856334982208296e+02 8.062175062493207633e+01 1.116864907665513726e+02 1.188378116070586685e+02 1.294503312833450650e+02 9.934882070969648282e+01 2.408380348178219492e+02 5.974913428091750234e+01 7.725919674554255323e+00 6.353899812336412545e+00 8.047578893910415587e+00 7.413931568514720460e+00 4.942450501378858441e+00 6.455446619013986975e+00 6.681572232278194079e+00 5.336422915036897585e+00
4.665341731749330734e+01 3.241565338961107301e+01 2.541452670341890396e+01 1.894488977344140679e+01 3.666420958130962759e+01 1.957205157842271603e+01 5.144509786964695053e+01 2.083342378604798739e+01 5.560339503405834272e+00 7.368679663936098301e+00 6.397134292124694532e+00 4.676559084519938736e+00 5.582401199414778858e+00 5.544595186976477130e+00 7.616176607377906471e+00 8.636527297481025656e+00
6.662465763446266465e+01 2.929548836445385263e+01 2.499303727847301104e+01 2.070352340253834811e+01 7.501710517824167823e+01 4.016039490223613484e+01 5.790742300993272806e+01 1.711189917301067354e+01 6.692716177684164158e+00 6.172607526874488215e+00 9.955884140142527983e+00 1.079618554282461851e+01 9.174620238135435812e+00 8.932397245619661419e+00 9.528176732670324611e+00 7.833148980812855378e+00
1.593218987317430901e+02 4.571355375867913295e+01 1.319553305014262889e+02 4.910549270759767637e+01 6.613066391898281893e+01 8.183146358322333924e+01 2.564087404891032520e+02 4.072281531362114748e+01 8.700671355104395488e+00 6.597717907562140383e+00 9.585732582130276569e+00 5.980902017627206746e+00 4.011173226764393362e+00 4.144441505687072258e+00 6.804359070289774714e+00 8.699549088741871827e+00
1.122048456018153502e+02 5.021269813834203433e+01 1.221781066764883832e+02 1.015297210664957248e+02 1.030706400829747054e+02 5.850402067604877487e+01 1.908991359601074862e+02 5.968788517947007932e+01 7.312626432837991075e+00 8.476612486640863864e+00 8.880137824740717889e+00 7.837635562501839459e+00 6.344597616292897868e+00 9.871244233624929976e+00 6.254590194401441039e+00 8.176954218526297780e+00
2.514864665878395442e+02 7.352013914224899338e+01 2.432748224216945232e+02 1.189961194976033170e+02 2.339762291388978213e+02 7.068079024899132889e+01 4.186589706333348886e+02 1.616747828543130083e+02 8.580650343299122795e+00 9.144842909360082928e+00 8.864127538122694716e+00 7.952032500525149317e+00 9.253604847193914296e+00 8.658205614052063126e+00 6.610478691928300066e+00 7.213376380201157012e+00
1.095596206664382919e+02 2.595640077155076497e+01 9.187542109650679834e+01 5.022803879670926364e+01 4.079783049783377891e+01 2.455469960948568442e+01 5.369098613227004080e+01 4.104384159717228897e+01 7.752016700858766818e+00 9.276761903251152575e+00 6.550441516405071773e+00 5.717761074443287406e+00 5.172553456418212292e+00 6.036650039863920902e+00 7.085876551472130913e+00 9.433657811844787133e+00
3.398910639781716725e+01 2.003030772718649644e+01 2.666620989801769781e+01 3.699550952348935340e+01 1.905566473057096744e+01 1.021908730212444105e+01 2.375244407244514733e+01 9.433983438747182149e+00 8.160881975069845140e+00 6.191729129015255850e+00 7.691621952306826770e+00 7.396321245389254173e+00 6.981901605510511644e+00 6.862187879464722862e+00 7.965134795706204862e+00 5.552141839556314906e+00
3.287264884320416769e+01 2.206303265620683973e+01 2.624166742007295383e+01 2.717392801184120898e+01 1.146836399057494020e+02 5.840901445056491070e+01 8.274298439137315597e+01 8.557964591782794628e+01 8.193623068907401219e+00 5.453159354840874329e+00 6.840199743708184066e+00 7.694310616422796123e+00 5.303472627095614733e+00 6.554926497273149799e+00 8.267613902330126052e+00 8.505684376224280641e+00
1.017989391419995115e+02 5.155139728042126279e+01 3.546068606891940789e+01 3.381844658642946655e+01 5.434985689244336271e+01 1.776502960591103175e+01 7.846189139716710770e+01 2.690705587950310829e+01 6.904637358012318593e+00 4.732714342244474182e+00 6.095518125692020561e+00 5.592464939577039829e+00 9.008698098702637935e+00 5.669413613649005868e+00 1.000881799036805830e+01 8.942408786638036844e+00
5.537647562735101303e+01 4.242826599340883575e+01 7.305215891535166861e+01 2.664455971169438442e+01 1.033411677228905461e+02 5.048291202999295990e+01 9.293440550817460633e+01 2.674020891161062252e+01 6.966540736999753847e+00 7.428448685003902874e+00 9.123870225414684398e+00 7.208202291037570042e+00 8.322025543813257542e+00 8.656577277404718274e+00 8.565425365857821660e+00 8.170097837119479678e+00
9.629972020788365228e+01 6.394087856473893794e+01 8.363661598896571547e+01 8.658991122516768257e+01 1.196266186875365634e+02 1.128805108035468976e+02 1.991444267720216033e+02 7.753820229995308466e+01 9.358504585518540253e+00 9.274680335865387093e+00 7.039845671108041714e+00 7.074570487524497686e+00 9.388643925610487884e+00 8.285644590536733745e+00 1.045494545133478326e+01 8.390741220768186182e+00
1.329648940586365597e+02 4.984142444800053795e+01 1.440057435324731330e+02 7.569652991865301317e+01 1.546194223937067420e+02 1.193836413856238892e+02 2.503537876299501761e+02 7.950094406374874723e+01 5.615415764886986238e+00 5.700830516107377122e+00 7.675328703880600401e+00 7.129586501934614517e+00 5.996937038130067066e+00 6.892474251768924809e+00 7.605449223069332021e+00 6.809548026804097987e+00
1.521326959016623164e+02 5.921885895065872063e+01 2.363834340352868537e+02 7.569245344511693929e+01 1.457444640235871418e+02 7.198702073878314422e+01 1.165393763861297742e+02 1.029006467387991108e+02 9.067303645424361846e+00 9.930384352865951669e+00 7.671173011661505114e+00 7.251652327178146784e+00 8.802284473261966724e+00 7.152599071590823421e+00 8.216859585645055475e+00 7.960570646936447226e+00
4.895327216052048414e+01 3.228390415239505984e+01 3.703085579678521810e+01 4.345925574677115577e+01 7.211590407213859066e+01 3.814138508546231776e+01 1.450706828180638581e+02 4.479735799882000435e+01 8.815669769859590943e+00 1.006306921063864479e+01 1.053881705368424626e+01 7.101068373210661200e+00 6.708313442074962829e+00 1.063871406281948673e+01 1.015499757195950536e+01 8.552981575651269708e+00
3.733466100712332150e+02 1.879229060829879643e+02 1.014474212240798892e+02 5.850931272204010725e+01 3.414130279859272719e+02 1.635372238966701559e+02 2.335911904071140270e+02 7.051157721574350035e+01 5.444060124836474834e+00 5.913716898728389459e+00 6.826145675684356817e+00 7.219221574487815651e+00 4.456134249745792530e+00 6.671453324638379812e+00 6.584320910413077321e+00 7.221472103071875814e+00
2.206110460326470388e+02 6.335883177407126254e+01 1.224596761111492924e+02 5.161036888536277445e+01 2.497821468488460823e+02 1.027662411266650793e+02 4.842159641512093344e+02 8.035039121336660628e+01 6.910414701669927773e+00 7.559746870239075101e+00 7.223004087763053249e+00 7.395305054893015040e+00 9.470014344347248425e+00 9.245216920847273201e+00 8.126354634255264386e+00 1.021594293760207961e+01
1.045406397267854999e+02 4.262612374153736994e+01 1.173316794154763159e+02 6.332649221514413540e+01 7.337156521256522979e+01 4.705171536781357844e+01 1.707702201369836246e+02 5.032853338166005841e+01 8.934560674754646215e+00 9.618801612198250695e+00 8.168956973548965550e+00 9.626331750326766468e+00 5.379347866421855251e+00 3.649009069013136042e+00 6.203302949104998909e+00 5.475849545480226510e+00
2.083633646123302015e+02 7.074990258458117864e+01 3.323358541711872931e+02 1.101900656615344474e+02 3.081752498829396245e+02 1.162958524023620583e+02 1.474525514527242365e+02 1.339542404007150935e+02 1.054400056735707381e+01 1.126322705770496491e+01 1.056827782543782490e+01 8.518417311028187555e+00 1.103313887273527172e+01 1.115073147200264003e+01 8.787907098950386242e+00 9.977475991335818861e+00
9.026428907313776051e+01 3.865928045834251492e+01 6.367771073210685273e+01 5.059641089301010197e+01 9.814917658696080593e+01 3.436123328467049731e+01 1.217983383582944015e+02 5.935678562426596017e+01 6.803523931175089245e+00 5.815675058816808018e+00 8.260215809681286103e+00 8.204760591824673099e+00 7.963451018782549795e+00 7.243576423546907783e+00 1.035521446385313027e+01 9.959180165112401895e+00
2.314943502336304846e+02 9.540352682375788618e+01 1.527885474928673943e+02 1.022092475077097475e+02 1.325038418782710039e+02 1.088642123172604386e+02 3.931923299297517360e+02 1.465602637603290361e+02 7.670203464617359579e+00 6.159989872924695575e+00 6.799538418645069804e+00 7.905328158223331236e+00 7.036891890853071097e+00 8.393968843494421961e+00 9.636901667075473910e+00 1.086277164684356755e+01
2.850727076111854785e+01 4.338588423711451725e+01 2.933368692186651572e+01 2.881195391418475538e+01 4.605650974661356400e+01 1.685605187975699337e+01 3.899973602182297583e+01 1.538331695407121202e+01 7.804759898557720454e+00 6.459218642643583586e+00 7.489818105474290277e+00 7.575842497746009485e+00 8.358109443520554294e+00 5.375463154338699923e+00 9.500342776319747884e+00 7.775975511528084638e+00
3.784202306620000655e+01 1.763644442621191288e+01 2.576957564308554183e+01 2.442354730079291869e+01 1.026892023014539461e+02 5.207305131034513579e+01 9.828025841125446505e+01 6.848514631526576579e+01 5.672386995390406028e+00 8.699699581001508975e+00 6.347393002464284173e+00 5.716689940718556073e+00 6.886706021439632508e+00 5.855364117806880486e+00 7.931960029008431334e+00 6.802876120049501374e+00
1.748012718961553560e+02 8.655111112206019186e+01 1.765371950111003230e+02 7.109143165847420676e+01 2.440540277848514847e+02 9.075787365500245585e+01 1.070679814255770594e+02 6.807948514341640589e+01 1.155296509373185998e+01 1.024522635027904016e+01 8.528012907204562509e+00 7.121190798700211211e+00 9.378058294351959034e+00 1.018547709323046391e+01 7.614831237914032158e+00 8.819158989164160189e+00
1.973327265807350273e+02 7.880339210576433118e+01 1.658917264435369816e+02 1.065366901263076187e+02 1.382812753564942057e+02 6.051115954924762264e+01 3.158779520259225819e+02 1.807251210816946525e+02 8.999491813841572707e+00 8.416236329701732188e+00 9.987136169632881533e+00 7.608963239912752918e+00 9.542689656127953057e+00 1.256740801441252309e+01 7.007577443587786448e+00 7.481404117713525537e+00
1.028012013095742674e+02 2.867599742298335386e+01 5.660421245685301983e+01 5.127210679567554763e+01 7.274049788126569638e+01 6.038975201788446867e+01 7.316961014149741516e+01 2.103755569245833712e+01 7.321433037481870798e+00 8.822391872846413463e+00 8.442353087965555503e+00 8.764996354514510202e+00 9.425385215298593522e+00 6.954629586421018139e+00 9.678302285532641491e+00 1.043207102085913007e+01
2.213310255163810609e+02 6.899179387772596783e+01 6.604564666302354681e+01 4.564136741655938323e+01 2.143829877679860090e+02 7.111215231072824849e+01 1.172099585895371092e+02 4.662397904601385079e+01 7.745243380350745888e+00 8.598898896134361536e+00 1.028870589682584757e+01 7.255270332623982910e+00 7.667567566005033086e+00 7.610069587667569913e+00 6.579935085092936120e+00 7.927283144635256740e+00
2.165681393238407395e+02 4.886723306181326620e+01 1.065239051107978838e+02 9.831664712880755985e+01 2.532849931173363700e+02 9.624103349086199444e+01 1.935004551280894987e+02 5.931225420362438427e+01 5.602297512468583207e+00 7.988328928531950979e+00 9.156386074108661788e+00 6.744182004096902716e+00 7.610228772769830563e+00 8.088583513673755832e+00 5.515691162948594517e+00 6.113069298759459258e+00
2.410298414819469883e+02 1.024881814147566672e+02 1.545717077078667501e+02 1.122685638000555599e+02 3.306749114023798484e+02 1.710710921448771273e+02 3.791059338250286146e+02 1.892150321622873719e+02 6.514298324807515250e+00 8.984487563888698958e+00 5.542686697655723194e+00 8.265015480428345995e+00 4.650737387340008411e+00 6.275244307126198073e+00 6.790565641842036371e+00 6.402393355724456114e+00
7.839149145595887092e+01 3.432874437313049754e+01 4.797337928012051833e+01 4.839727055066042993e+01 1.106101433795008120e+02 5.187966418770704280e+01 9.453267938619829636e+01 4.473240362607084819e+01 6.677134118637061633e+00 5.335780758750320985e+00 6.490267022879215197e+00 6.994137429065455436e+00 7.484910360994658340e+00 9.757641995683492553e+00 6.600476490559633369e+00 1.022757004870691233e+01
1.131299685558296488e+02 2.387779585673959915e+01 9.858667598119127717e+01 4.809860176569034707e+01 1.085958915461805105e+02 2.723293634824706544e+01 7.876264733562722142e+01 3.809356119338930569e+01 6.566820586101031587e+00 4.890604802383896832e+00 6.386141491660175085e+00 6.935864304156877047e+00 8.966067324952817330e+00 7.177716512761047163e+00 7.275140025066549221e+00 1.002048893628892046e+01
1.373997923183657406e+02 7.413833145436564109e+01 1.674992166301203724e+02 1.068970011816972203e+02 1.791844304965527215e+02 1.216790505089237371e+02 1.419248406935734010e+02 1.171285268833239570e+02 8.189921197499202776e+00 7.996869260481341612e+00 1.013687976522120771e+01 1.013615036780140066e+01 9.432747398008482165e+00 1.094318138421632369e+01 9.197174880428828914e+00 7.460664265397731754e+00
6.803853147549877178e+01 6.273610578021728656e+01 1.466531433047973394e+02 7.620926872869367230e+01 7.805821480775507837e+01 3.565763057519530577e+01 9.466285635690054789e+01 3.976295851132695702e+01 1.033715995070783933e+01 8.903330644448145037e+00 9.149473932141702903e+00 5.109178532641887038e+00 1.045669981128896531e+01 8.287013691254530912e+00 1.134654816136874622e+01 9.100827533223903032e+00
1.060419370187841679e+02 8.914848192943910021e+01 7.041033718396629126e+01 5.674321089949365415e+01 1.420425540486971840e+02 6.851998563521452468e+01 1.057008961064493207e+02 6.910883072638088720e+01 5.012323482609912340e+00 8.865712003546633468e+00 6.743946259791551157e+00 5.782274524753491463e+00 8.200978715391357809e+00 6.727841728162927915e+00 7.655760233901421685e+00 8.463478838758016209e+00
1.294674697036438999e+02 1.191568071060758882e+02 1.799087135404301705e+02 9.387262394066327431e+01 2.028804443456388071e+02 3.987075748835780331e+01 1.571047351948070343e+02 8.009894796006517481e+01 6.501488115940845525e+00 7.744260948000972533e+00 9.236298019150652294e+00 7.738891769269232945e+00 8.765959059322518954e+00 7.171889829822297280e+00 7.548906851946595609e+00 9.824677301253993633e+00
2.817688019095914456e+02 6.453332541082163232e+01 2.033181373459835299e+02 5.809666434508643107e+01 5.636315117330265139e+02 4.039438509788739111e+02 3.589731754359803517e+02 1.030305153402500622e+02 7.409289086130578461e+00 5.744678124900580940e+00 6.196839717942884462e+00 7.910185344999555390e+00 5.929829905722948880e+00 5.795152170944645853e+00 5.880867674591297778e+00 5.842310046053206030e+00
1.860827768028735250e+02 1.018680315280216746e+02 2.432588866615358825e+02 9.528853624209237694e+01 3.044598229493706185e+02 1.013170587320315121e+02 1.232486199957873509e+02 7.298298303788038766e+01 7.137210970288024647e+00 9.266698569558180054e+00 7.995396038199835687e+00 8.837039658370068551e+00 8.492107688365239326e+00 8.769356938387472766e+00 1.070952171684152532e+01 7.763679302636544932e+00
9.133897903965625176e+01 1.434438847563602515e+00 9.114410779092148118e+01 1.245575525851703391e+00 9.145946087578182926e+01 1.334790747361097596e+00 9.094362445873092327e+01 1.230539432091094731e+00 1.071029107478526932e+01 6.703149166756456445e+00 1.073233910285609838e+01 8.346842526413126961e+00 1.068045748121595295e+01 7.508494377567502376e+00 1.073046455392254472e+01 6.946393293522379331e+00
2.311844273711735411e+02 1.208057753405158508e+02 9.705526813456735624e+01 7.796927367488916616e+01 1.554058768757502946e+02 1.183275728828963054e+02 1.262195344855660579e+02 7.685186799738779939e+01 3.275065927229914742e+00 5.284610669426001550e+00 4.999073331650887297e+00 5.728710021434842758e+00 6.119399458658307367e+00 7.501457964779183030e+00 6.508374651501595665e+00 4.726224110546584534e+00
1.058058035410826534e+02 4.883549363322537573e+01 6.082723638951055989e+01 6.363198068875390589e+01 7.033853162725344532e+01 6.304143829934528753e+01 1.020410711614344166e+02 2.272084332925060579e+01 8.656608106939923886e+00 8.768965072583290166e+00 6.509867384601388807e+00 9.656061735710370186e+00 9.070920711347136844e+00 8.718467600269317330e+00 6.479485929819266410e+00 8.620082628028608696e+00
8.711372131785603301e+01 5.029229561339200671e+01 5.011875340649260835e+01 4.253822053670394610e+01 1.440715620477052994e+02 3.360540200325683458e+01 1.593494578226829788e+02 4.074554501584147914e+01 6.053737372260894034e+00 7.491132699964544450e+00 7.441312758396096960e+00 7.713729106689513948e+00 7.372271333512181002e+00 9.429169260654042262e+00 6.666957741634926826e+00 1.098596575261762709e+01
7.896276113805225805e+01 5.633220871344358471e+01 4.682803862844134812e+01 6.399856615640793933e+01 3.934222510789118132e+01 3.291623434683970828e+01 5.650183644867832555e+01 1.901427854566122022e+01 5.930082892909338099e+00 5.457096054108023786e+00 5.881765902847547522e+00 8.712306439773190192e+00 6.449684316355384084e+00 7.403554651341972992e+00 7.661928004473894660e+00 7.960571177674022891e+00
1.298929556641029990e+02 4.224565163650386523e+01 1.313104242290600041e+02 6.178414289130162729e+01 9.130088733638454812e+01 3.076923326459263208e+01 8.422115259901539730e+01 4.919460026721847612e+01 5.566542192644828191e+00 8.545829353580314702e+00 6.592157928201601180e+00 7.456209996098239756e+00 4.937434259811085191e+00 4.864544923213133032e+00 5.906073302913517509e+00 5.494193374960821608e+00
4.801763941366869659e+01 6.411175658288674128e+01 4.993506308292305107e+01 7.944767114031618860e+01 5.873297450636539452e+01 3.971651012609235210e+01 6.767496042833191439e+01 1.490787693280061177e+01 7.686393359908628042e+00 6.502990227894580144e+00 7.433217628702188939e+00 6.059929853057205662e+00 8.047077449785311032e+00 6.700176322998237843e+00 7.506795250137209052e+00 6.238910887949477235e+00
6.077009592270424321e+01 2.165831733157351380e+01 2.532444354020757160e+01 1.744093597851297517e+01 5.579879078452788832e+01 2.629179685510644404e+01 5.613429248780300185e+01 2.887617486332126404e+01 8.398897902908647239e+00 8.867315383635224535e+00 9.859793879145813733e+00 5.296529668612159014e+00 8.454061101956867219e+00 9.198234035904157224e+00 9.991928732554971049e+00 8.685271750524574230e+00
2.135076812829873916e+02 1.130849111058288230e+02 8.261201864850031029e+01 1.278727864681740272e+02 2.118947096552937808e+02 9.969468701962910018e+01 2.060359257412646627e+02 9.446055102069863096e+01 9.528045689266182450e+00 8.335244987388813698e+00 5.713730895810755328e+00 7.048908000186254519e+00 5.953994571153410575e+00 9.180406217875610508e+00 5.573406676658440695e+00 6.579780640334615960e+00
1.371089106654026750e+02 4.840806452118370373e+01 6.828468899944060411e+01 5.374874704501480238e+01 1.020362812513533726e+02 7.024240280647789803e+01 1.775057893842011083e+02 1.047203494256510936e+02 7.738609571615138627e+00 8.791932564674660000e+00 7.687486876348817333e+00 9.082413282100560536e+00 8.621758564016062110e+00 7.573490889291594641e+00 7.117767914239835569e+00 7.313744411754990793e+00
1.340683210232354270e+02 8.506133895252753518e+01 3.153938910131328726e+02 7.778941388208062335e+01 1.403261835822303283e+02 1.130270916067686500e+02 4.554166196425406952e+02 1.449272022074143536e+02 1.064400517460131113e+01 1.174352307993697231e+01 1.259454204973264879e+01 7.947778572448055634e+00 1.086196696714343801e+01 1.049972800772363790e+01 1.246009025009762894e+01 1.141361228352496049e+01
1.046868146005075744e+02 8.488439908436581050e+01 1.400450799097380923e+02 7.367692055720391409e+01 1.766220502515365069e+02 7.287324492706342483e+01 9.167474943874459825e+01 5.202916551632684161e+01 7.647086141267675607e+00 6.612438889720317015e+00 8.875580182512901928e+00 1.098701462029108455e+01 6.649268603569018055e+00 7.889735952879415315e+00 8.942798548293232841e+00 9.196710576289545358e+00
1.642352249687872074e+02 3.832562483542181297e+01 8.439991102939629286e+01 1.061139389478001789e+02 1.688057901901678974e+02 4.347443111775899638e+01 1.395632968688720155e+02 3.306010729445902285e+01 8.388697356412999184e+00 5.844904355522535511e+00 6.569043124712615089e+00 5.327933229012165484e+00 4.866402230382722571e+00 5.557338563533938292e+00 5.937427561028322920e+00 6.632182444084658179e+00
1.678920071516194810e+02 1.051584243644563372e+02 1.499980554000760833e+02 3.205264992733546592e+01 8.343617147059413242e+01 6.281450037607218917e+01 1.294125277942317780e+02 2.588921773723156150e+01 7.273060599267741289e+00 1.020117744458399578e+01 6.519250826541826527e+00 6.314966629680446530e+00 6.069183662453871975e+00 7.965959527169511389e+00 6.464421111690931809e+00 6.908719040067480499e+00
1.295597574622785260e+02 7.109914257879007948e+01 8.598597456282435303e+01 8.792624056482632966e+01 1.582714361206923854e+02 6.256343212377492335e+01 2.048862354024713284e+02 6.769089276975661562e+01 1.101160080067445968e+01 9.135357540336052296e+00 8.329187018391063901e+00 8.421501432850632796e+00 7.467487112973246965e+00 8.243581249633248120e+00 8.544675360982502355e+00 8.471124405039924810e+00
2.287707094063841566e+02 2.041957563019066413e+02 1.409314570837579481e+02 1.337386737129889411e+02 1.798740114545288407e+02 8.839493902698562522e+01 3.248641408188420314e+02 8.483664155124539263e+01 7.431855959482571272e+00 7.642809402177421774e+00 7.773093286196216312e+00 6.398162604281705690e+00 5.255844071251349447e+00 5.855513753116865949e+00 7.385686560989060290e+00 8.702764790916749149e+00
1.626252992343515587e+02 5.953797358433546094e+01 1.566860459542639603e+02 9.300202884093904743e+01 8.011780341993470245e+01 8.219504556947266849e+01 2.290607831143864246e+02 9.211706555556089882e+01 8.901952491829680625e+00 9.458192031594066407e+00 9.803979418769761978e+00 8.074575026114597875e+00 9.317141205750806066e+00 9.308460344660833385e+00 8.990909660792198110e+00 9.376511709116309490e+00
1.709058145801881210e+02 8.591855053972668088e+01 1.622873751485792866e+02 1.284906383404192809e+02 2.026523539216388770e+02 1.242683542521555040e+02 4.105548107243341178e+02 1.337158778158191126e+02 8.223599172064115947e+00 9.134764957466003921e+00 9.395601077901041265e+00 1.024029024532826249e+01 9.100770500229284465e+00 9.838649588270522273e+00 8.166892887891968655e+00 7.149432657502295285e+00
2.604351882796784068e+01 2.769568555692248069e+01 4.159762188072789257e+01 2.787023122436484002e+01 3.627172342604717414e+01 1.812540146862824386e+01 6.528297683480168700e+01 1.134134440084171302e+01 5.985820024534442396e+00 7.779080429267071217e+00 8.191870824621910074e+00 5.679512131786598417e+00 8.363952090555338614e+00 8.736957731061181676e+00 7.941669684158980225e+00 7.471843541119192800e+00
3.960152640212333353e+01 2.896516859108792019e+01 3.046389878423983788e+01 1.840399208811112786e+01 3.729906879156017396e+01 1.757988143759569155e+01 5.555070333096018231e+01 2.243141511731544924e+01 9.296437430207983965e+00 1.004739329893861033e+01 8.467090597984871181e+00 8.397932769808909015e+00 6.693228015236240225e+00 8.707036464390261798e+00 9.843763592512200233e+00 7.781011899064383286e+00
2.115884829851582367e+02 6.229228078046909900e+01 1.013511116161494101e+02 3.945861936956895022e+01 1.247144344263247717e+02 1.075251230759822079e+02 3.011975849743866434e+02 3.054478360510745105e+01 7.569029479205572564e+00 8.326542690280405168e+00 7.939224367475427258e+00 5.995621466392451637e+00 8.270127089303700885e+00 8.372807551145596605e+00 8.653774188655413369e+00 6.298292406417208333e+00
7.305786313832898315e+01 3.099194983959711180e+01 3.679693311291313051e+01 5.784695778165626479e+01 6.721525409287458785e+01 2.654728692957441183e+01 4.198395613558194128e+01 2.859247462575772047e+01 7.503740781445721986e+00 6.302756511634995285e+00 9.408746698377681739e+00 6.869182065914553270e+00 1.069140837019615908e+01 7.003414496321041405e+00 7.109971821144505988e+00 8.805235391868096784e+00
1.444510065899495146e+02 8.965932516725443691e+01 1.065261670414290052e+02 1.041556091386325846e+02 1.147574819339478864e+02 8.725771181509702501e+01 7.760766460308940395e+01 1.022117110085393534e+02 1.001080870880036855e+01 8.132948220993993615e+00 7.627122539129103096e+00 6.289227012194242405e+00 8.539715886472084350e+00 6.657239573305014702e+00 8.612748310825894649e+00 8.687448653080693362e+00
1.555366611262911931e+02 7.873145100890631909e+01 1.754955844834293828e+02 8.638248129203491033e+01 2.327592194706839166e+02 7.999003030477035736e+01 1.165249136740229545e+02 7.309848330688568296e+01 9.658871336595860058e+00 7.104182691480970924e+00 9.283924229987873034e+00 8.605588570812278348e+00 8.793677368963281893e+00 7.459578001570924322e+00 1.037094224517051266e+01 7.951961189775845540e+00
4.520964182078659377e+01 4.948265278153680669e+01 7.533633051640870804e+01 6.636009792054743173e+01 2.672827743124918598e+01 1.728990315192165994e+01 5.993559580076236415e+01 1.403680661991877443e+01 7.373464013785804738e+00 6.182200883467692698e+00 7.072272147539099052e+00 8.124724068121492948e+00 6.251602736453451215e+00 7.527051352754954294e+00 5.625554501379653516e+00 7.134257709724266761e+00
7.945060323505141753e+01 7.802875847799808184e+01 1.409050835795547982e+02 4.671109665794688937e+01 1.414752161138763142e+02 7.114123701515414666e+01 2.252763296222696852e+02 6.523974443065054629e+01 8.246308103884675944e+00 1.141958242114356281e+01 1.195826125143109309e+01 9.682285277380383803e+00 8.948958146580023865e+00 9.382454224819108290e+00 9.946115388357410936e+00 1.156391614503632326e+01
2.074481164579070764e+02 1.239347691032420755e+02 2.362437219877642463e+02 6.505692718513334682e+01 1.320543893492556720e+02 2.593627694546868270e+02 2.833195719374073178e+02 4.967086280069013071e+01 3.896435474567340851e+00 9.587313585771408242e+00 6.880182583608777769e+00 8.162034446692867817e+00 6.824852542293326607e+00 5.942146683398027207e+00 4.634762405093563409e+00 6.857429851889153660e+00
1.136600915902755702e+02 7.528571462816240967e+01 1.219399326429717405e+02 9.302953678987974229e+01 1.717325312687221412e+02 9.899605737534660932e+01 1.999114983939772401e+02 7.186151122504739419e+01 6.415695780917156199e+00 1.011067223426918638e+01 8.783761693496861866e+00 6.539929548961146644e+00 7.024773502511372669e+00 1.021708648385599005e+01 7.806381061237781083e+00 7.391148433848278465e+00
1.495856334982208296e+02 8.062175062493207633e+01 1.116864907665513726e+02 1.188378116070586685e+02 1.294503312833450650e+02 9.934882070969648282e+01 2.408380348178219492e+02 5.974913428091750234e+01 7.725919674554255323e+00 6.353899812336412545e+00 8.047578893910415587e+00 7.413931568514720460e+00 4.942450501378858441e+00 6.455446619013986975e+00 6.681572232278194079e+00 5.336422915036897585e+00
1.491696925530287672e+02 6.389119173252729667e+01 2.443916346386538976e+02 6.918558547373223178e+01 2.788805244554333740e+02 7.286524190970099824e+01 1.200693310829198595e+02 4.811510221254832231e+01 8.076949494986060074e+00 8.281666618914664824e+00 1.004139923029706516e+01 7.610145206255378270e+00 1.103747470234627670e+01 8.746073117527428664e+00 9.455078482898327863e+00 1.135772086073543718e+01
1.479903382686163980e+02 4.324974422630253201e+01 1.726526355837531241e+02 7.649976482788336796e+01 1.155949048783765960e+02 2.576044144121851431e+01 1.116809396905648981e+02 4.630936110287377971e+01 9.598342354863333981e+00 6.611103015703378105e+00 7.274545614832389262e+00 6.576505901209704241e+00 6.961394579379264869e+00 6.988331938083137018e+00 6.837307447819797268e+00 8.874334986196243946e+00
6.860563642549821850e+01 5.720605868920670645e+01 1.566355118923904968e+02 3.845599877001644984e+01 8.243016393956708043e+01 4.467057717669294448e+01 1.578269075934321961e+02 4.875843012811400712e+01 9.048136083992742940e+00 1.017077625862535761e+01 1.009970994354177876e+01 8.121876268935199761e+00 7.627152721871690133e+00 9.070360380383771570e+00 8.279841271956062343e+00 7.762756948670179291e+00
4.124536496574189215e+01 2.226367480175053615e+01 3.541117703498958491e+01 1.790202269785772060e+01 4.075033707555594020e+01 2.134390180208176346e+01 6.300487487648622675e+01 1.371297990999523186e+01 7.769270486467969583e+00 7.329696586574896422e+00 8.596991174671346769e+00 7.920661841605519449e+00 1.053588106853545803e+01 6.305964750784912809e+00 7.574533342165223893e+00 9.608836628420375447e+00
2.876665015080954504e+02 1.957401638013738818e+02 1.259751871242993388e+02 7.031724952215196822e+01 8.539787985082627131e+01 9.066356957785683335e+01 1.595240059893162652e+02 2.286834120991603569e+01 1.044760909563633078e+01 1.047859926735131175e+01 8.913032416601897268e+00 6.355365391362184369e+00 7.547918102251480299e+00 9.446213693680073575e+00 7.795214005673322788e+00 8.246911325274437488e+00
1.955403706442602072e+02 7.782767704458217395e+01 2.176819357564329209e+02 1.598055502484835131e+02 1.830368674917254168e+02 6.641853255978787729e+01 3.415785021393580791e+02 2.006348435604335521e+02 4.445575875401329036e+00 7.610043918186043754e+00 9.086076108729272960e+00 6.452709256819280981e+00 6.997632022872822155e+00 7.138810185803770025e+00 8.041243699604509132e+00 9.273150590093964141e+00
1.021717458259016809e+02 5.081954248509034500e+01 8.363747282548503392e+01 2.539463318202629338e+01 6.494433394017488581e+01 6.250970042200155774e+01 1.234229138895666580e+02 3.997320317646188670e+01 6.268952800991463903e+00 8.641165501456486098e+00 7.264240964615138019e+00 5.741936456625492902e+00 8.110934463888881396e+00 6.571292407757833409e+00 4.989972102257155484e+00 5.492237351074892970e+00
1.095596206664382919e+02 2.595640077155076497e+01 9.187542109650679834e+01 5.022803879670926364e+01 4.079783049783377891e+01 2.455469960948568442e+01 5.369098613227004080e+01 4.104384159717228897e+01 7.752016700858766818e+00 9.276761903251152575e+00 6.550441516405071773e+00 5.717761074443287406e+00 5.172553456418212292e+00 6.036650039863920902e+00 7.085876551472130913e+00 9.433657811844787133e+00
7.927302554953242542e+00 7.671584538587973512e+00 1.093182578861788734e+01 1.261718023721639348e+01 6.818487169044795237e+00 5.090076587956892773e+00 1.278989525010013573e+01 7.235215396155878942e+00 7.136843805726007517e+00 6.575842029035804615e+00 5.594756459604783849e+00 6.326468868138380941e+00 6.366813629065033453e+00 7.321482857722876325e+00 8.125252277556624492e+00 6.881748992707888313e+00
1.847817637033444669e+02 9.654288271497615881e+01 2.332110558809972360e+02 1.311215197766620975e+02 1.965126264925648911e+02 1.559251721056548092e+02 2.355021985614135644e+02 1.648247765008431998e+02 7.675898401824110096e+00 7.019307895320929802e+00 6.439742375890454618e+00 8.427437758361060460e+00 4.974248610258949377e+00 8.191222502491985580e+00 8.366515757909354534e+00 7.416086060119416956e+00
5.014190380961508708e+01 2.264618122782580656e+01 3.929660341001665103e+01 1.555055993149369975e+01 5.452006080522103559e+01 2.500891333263047400e+01 4.460221183733182926e+01 2.260847964713035907e+01 7.657546461037934904e+00 8.759691457335536668e+00 7.256571411208066813e+00 6.937143475320340258e+00 8.622533212786292367e+00 9.076466349552264390e+00 6.688245550435400588e+00 6.942745338479307193e+00
6.758126492713046218e+01 4.853546923818121428e+01 4.448099610970984941e+01 3.737103675094440547e+01 1.273573615279028246e+02 5.548133623108212475e+01 6.940786412006390549e+01 1.818405370775456120e+01 4.840541130637056710e+00 8.673108478642193475e+00 5.480918145513538065e+00 5.382366711061969511e+00 5.646354080558380950e+00 6.233665862841629490e+00 6.244523257681920292e+00 5.773123447797396501e+00
7.200567039444344175e+01 4.622567060426884922e+01 3.481387598585407517e+01 4.135451435688606381e+01 6.913291703434586566e+01 2.338117122180182150e+01 1.084097222556732163e+02 1.752565764757665434e+01 5.167490815417957073e+00 4.578842438883052424e+00 6.709666946711985602e+00 4.604273733694341786e+00 5.889828265555710374e+00 6.273210123473440980e+00 5.726559440939118950e+00 6.767287419485914945e+00
1.207155331774885241e+02 5.522368759651592995e+01 8.229650136128485372e+01 3.243523612717529403e+01 1.138728224039420525e+02 5.150001513775092121e+01 1.472437798745677071e+02 2.537391725108615503e+01 8.141415009686827631e+00 7.634561723269553291e+00 9.248566391408180820e+00 7.641443342501236025e+00 6.187759787396255540e+00 7.331806906027808601e+00 7.660181871977735035e+00 5.821332188962705878e+00
8.612039147736139455e+01 6.726923584100994447e+01 5.964760816171031621e+01 2.856791790785948493e+01 6.715838218724223907e+01 7.550942012551887217e+01 6.446979798608843737e+01 3.961494279904033533e+01 6.040496256106638207e+00 9.450936350226548655e+00 8.553206726831987794e+00 8.291043718521921235e+00 8.836373156314074606e+00 7.206730446260764644e+00 6.937939515212032227e+00 9.132111454535333905e+00
7.629951925454254535e+01 4.303578763363082516e+01 7.087944654273748313e+01 3.152115956880028591e+01 3.605777783747226550e+01 4.745467930552450042e+01 7.115261114164134426e+01 1.904612768845635529e+01 8.009797708984589093e+00 6.375640794829026348e+00 7.730245152787056817e+00 7.481415672149791085e+00 9.912299446692546923e+00 7.925515524512153576e+00 7.290211832543222137e+00 8.364272705196624358e+00
5.307784076440359655e+01 6.598471126711483237e+01 9.340729605925815804e+01 5.895470602172713370e+01 8.934588979751721638e+01 4.683496853114704095e+01 1.754286088677389444e+02 5.765563719109454155e+01 9.724306453986928389e+00 7.338727728110197468e+00 8.152641885710057323e+00 9.815697761554355694e+00 9.041529751005979776e+00 9.102783613331240531e+00 1.071126433832822933e+01 8.639507547829895273e+00
2.200026444018814118e+02 9.776628902334937266e+01 2.821464054701444866e+02 8.349391790748545361e+01 2.435093126676577242e+02 1.146817066076457081e+02 1.251956261863746818e+02 5.494224820888641148e+01 1.179335497632770036e+01 1.046579209969007529e+01 1.039952172380673723e+01 8.597978769799844656e+00 9.982584077422012925e+00 8.683093719025981372e+00 9.158263321627158504e+00 9.133319159538645593e+00
2.129963483271635383e+01 2.940151755064303885e+01 2.386379841258992940e+01 3.919850522798182624e+01 1.453519355254449508e+01 9.107125767457908694e+00 3.034222075648468930e+01 1.214551495590498575e+01 7.952707739485028071e+00 7.525809104228808444e+00 6.787660582595078651e+00 7.457525374756544423e+00 7.860373834218063571e+00 7.296969203039861185e+00 8.205322679368897809e+00 7.032605085497407593e+00
1.318415176579709680e+02 4.909289316996213870e+01 8.834430180905110319e+01 7.763158361018621179e+01 2.896206499844370228e+02 1.795110723156445829e+02 1.400068394141767953e+02 6.028492095214048163e+01 5.597342594558143425e+00 6.168131064296611399e+00 6.071090615275326563e+00 7.324376040946823707e+00 5.861364367518803853e+00 5.660176726113147261e+00 5.469832979585144805e+00 6.383992790133726558e+00
5.992894838410860530e+02 2.470277437638867184e+02 2.683134017795703699e+02 2.339109050118819937e+02 3.479583136992563936e+02 2.876907825372163643e+02 2.917273564103410877e+02 8.272197100774906176e+01 6.530115922706512421e+00 7.205773740219786561e+00 5.297548574089573137e+00 6.591149779490018012e+00 7.532947825815306864e+00 6.522669297122253518e+00 6.038557010645619449e+00 6.352429115085143962e+00
3.137399191516162205e+02 1.091057045493606950e+02 1.999217601179805399e+02 1.113238481431708493e+02 1.978102633660393792e+02 2.080868040046357237e+02 2.746252524510455828e+02 1.320827133421651922e+02 1.029313307403844036e+01 6.434083479578227127e+00 4.578275556372256361e+00 7.852016289134642335e+00 9.214865590436895459e+00 6.103045351717042877e+00 7.890969150059918391e+00 6.886941655290451436e+00
1.995909946240692250e+02 8.914930082375646236e+01 1.321075899009283319e+02 8.235035526591497046e+01 1.719863060494808167e+02 7.160525167340576047e+01 2.763323264189482984e+02 7.557815511351849125e+01 6.308137557422130115e+00 5.836805307096032180e+00 5.559511757856582470e+00 4.801208045900795085e+00 6.983266847897278140e+00 5.350451490458803860e+00 6.610784230493252700e+00 5.133171133210261416e+00
1.467814973284838231e+02 6.329334906369195579e+01 1.654001743666383391e+02 2.239262040446054982e+02 1.929803175260700243e+02 8.447626867654838634e+01 3.044264005374221824e+02 1.945430192665730544e+02 9.545321595347555643e+00 7.974850293321611439e+00 7.338867680932100512e+00 9.815683071169337026e+00 7.576330488150214038e+00 9.200987350354237648e+00 7.434544739165021454e+00 9.386779067342033045e+00
6.552631202648350950e+01 5.829277909941507119e+01 8.186533136627021179e+01 2.582679939501260691e+01 7.835770555412085514e+01 4.164183803323788169e+01 1.180476701438758340e+02 2.770236794016934567e+01 7.629409487294326553e+00 9.480201640189964252e+00 8.817676458402903705e+00 7.014351664733306180e+00 8.508827877310974230e+00 7.530668361794175425e+00 8.107301276618033015e+00 7.364155111817153987e+00
1.866476328570383600e+02 1.104206311155599849e+02 1.403639556604432244e+02 8.226721441317495476e+01 1.886089946398313941e+02 9.897665784576794579e+01 1.447874713010407675e+02 7.523495789845524939e+01 1.089659744079898474e+01 9.845735899191657481e+00 7.066798578734490910e+00 1.027229081988749471e+01 6.788466115042532500e+00 6.094478361885752982e+00 9.226884417964999585e+00 7.459098384259696068e+00
2.027160758973232078e+02 6.238686404919642570e+01 1.325678066634841912e+02 6.545423757215534977e+01 9.965551979803332472e+01 4.671438996576507208e+01 1.536416681068886305e+02 2.641190908259644843e+01 1.260880098539109540e+01 8.519439215120275577e+00 7.817696116372366610e+00 1.184238532118021858e+01 9.016047046710138346e+00 6.888535985866411693e+00 9.605362758387522959e+00 9.075106554206490372e+00
1.006087414817591821e+02 8.763275033498553057e+01 9.530490552461182574e+01 4.633673936790520997e+01 6.887774070394965520e+01 4.888087987042804627e+01 1.894284106971994106e+02 4.564364307973895052e+01 9.434337027991967162e+00 4.931852471911621905e+00 6.616109388155200222e+00 5.733406543499157237e+00 5.380891432238926519e+00 6.948079838352886561e+00 1.359447276673703442e+01 8.461913411350094449e+00
1.206115744204126656e+02 4.553856338662784253e+01 1.200061559758466814e+02 5.657140643239619493e+01 1.368525948543724269e+02 5.519390993266144818e+01 6.495423223845786254e+01 7.247232816185382376e+01 6.613826749367908597e+00 6.070247992644836721e+00 7.064368587971415536e+00 6.844042777763081453e+00 7.288346491538266747e+00 6.094426363493982812e+00 5.163321426255127022e+00 5.622204895568751581e+00
9.414291007889913487e+01 4.929143256472206502e+01 6.811272583327678376e+01 4.443162939003853751e+01 5.700378963658147313e+01 4.278985995531645159e+01 8.244223516625407910e+01 3.577021577749412984e+01 7.267197431671628571e+00 6.171021464070264528e+00 6.210306063556350509e+00 8.878778393936311630e+00 6.015562663261185605e+00 6.281233961420190859e+00 7.461798318235759453e+00 7.837264746536472870e+00
8.335274937542379803e+01 3.889707337557030797e+01 8.674897943725845550e+01 3.977248556757595566e+01 8.964344164414374916e+01 4.087832695272179961e+01 1.193969028153933891e+02 4.542012174806705360e+01 9.899495614895133855e+00 9.960894931601460556e+00 9.689176233418274720e+00 7.531517397159642968e+00 1.088914128252282865e+01 7.216850676847523793e+00 1.020413380504977674e+01 6.259401240180648252e+00
1.017518749500337520e+02 3.610887647135547951e+01 7.944684037707185098e+01 3.424157036202998938e+01 1.190097308580848079e+02 4.383252862755648493e+01 1.137975239025353744e+02 4.690117902370754877e+01 7.689295497244062361e+00 1.010131648343296185e+01 6.273340284050155979e+00 6.801692236522211665e+00 9.209127251605199405e+00 1.016415947591958435e+01 1.116223290120537648e+01 1.167027394614055069e+01
1.376378993103332675e+02 6.045258067532416391e+01 5.841257530173724888e+01 2.950227800085043839e+01 2.590537477596026292e+02 1.219574959073853364e+02 1.387419692778090621e+02 9.915064158291075103e+01 1.027314145530083422e+01 8.501646102011298112e+00 6.727608037615242509e+00 6.157012472320613661e+00 7.809702899098959428e+00 7.764017004475914696e+00 6.504716132459745559e+00 5.607402799021481421e+00
1.057780431691722356e+02 2.744556658661246829e+01 6.125401216679228611e+01 1.890969864675308898e+01 6.368104797477938206e+01 1.761467821287534008e+01 6.963708347983164515e+01 2.519950961488274643e+01 9.192090887353618456e+00 6.605846401256997069e+00 9.112461895791673427e+00 6.045959770068521699e+00 8.164400490417724754e+00 1.024754100806144663e+01 9.398591467347205963e+00 8.354518235860121322e+00
1.504366899503220907e+02 6.515833079409172512e+01 7.690284864826070077e+01 7.151664111721385098e+01 2.136177919091117587e+02 1.908103958649363676e+02 3.065533241497424228e+02 1.182622589718615842e+02 6.858714308453861541e+00 6.208225496107978358e+00 6.791816706302904016e+00 7.537630574892644653e+00 6.572695848604983127e+00 6.682836031834757051e+00 8.241030056488376943e+00 6.474738333790623024e+00
1.135945930645811472e+02 6.108667540670830931e+01 4.857639309824588025e+01 2.998298762647502613e+01 1.318878297655736560e+02 6.199816817365704225e+01 1.622826609349542935e+02 3.954069268394068359e+01 5.024200804566207879e+00 5.484039190893040150e+00 8.435777527314343160e+00 8.210675389009765013e+00 5.820123477927395150e+00 7.063011160734229854e+00 1.034689857465917306e+01 7.753872991380283075e+00
1.468170324561408790e+02 7.033213926405016991e+01 6.853045175967746161e+01 3.476727167700658327e+01 9.938782732024741051e+01 4.942267896625430978e+01 8.751389796366184726e+01 2.617637820809983040e+01 7.641304884609671610e+00 8.874347607758480194e+00 8.951528348059575535e+00 7.300372208169963351e+00 8.718496673806642505e+00 7.170391861926237453e+00 7.721534897467859260e+00 6.841552688598785181e+00
4.889837108380073261e+01 4.930271848583797123e+01 6.407790394530989886e+01 8.399948065174845624e+01 5.191602504781549499e+01 2.242161854234933571e+01 5.803651636943055081e+01 1.882687798172565508e+01 6.440295760495356348e+00 6.701129881283990564e+00 7.006709524335676065e+00 5.759847647967778705e+00 7.403021316030347521e+00 6.866576659072581634e+00 8.347717653733472076e+00 8.438116987682116488e+00
7.735192883559588495e+01 6.958887411957022096e+01 1.106422489779463376e+02 5.385716831300888430e+01 1.010565106417608092e+02 4.315946197765733672e+01 9.700039810827998110e+01 6.013302779079813121e+01 9.546388538313138383e+00 8.178013726005508133e+00 8.535826577621689282e+00 1.020122113329327540e+01 9.885024204666395420e+00 1.031812736512001827e+01 8.382678901079959388e+00 6.296446308994596563e+00
1.517969936608828050e+02 9.300910726007867879e+01 1.105279871363423467e+02 6.161647549192640128e+01 2.253874415470566532e+02 1.907471396833140602e+02 4.454388986817871796e+02 6.985663579129851541e+01 7.903851499327910979e+00 1.133151636121836248e+01 7.481774824710804239e+00 8.701030028924758852e+00 6.715329411644789914e+00 8.236829398532170998e+00 5.484089570941628189e+00 8.667712908973989272e+00
1.942180257082392814e+02 1.785389778865421704e+02 1.982398869226629188e+02 1.011638152899296159e+02 1.358816573935242786e+02 1.098859166693635530e+02 2.765346486991938377e+02 1.083160418096355500e+02 7.770823614137464475e+00 6.073009415123069132e+00 6.546431752577445806e+00 8.672437072017396886e+00 4.924523769375047877e+00 7.903060313364098199e+00 7.224306498382862429e+00 7.026650769474300340e+00
1.360298405684935972e+02 4.573455695197509385e+01 1.712630556880626500e+02 5.520646103210327027e+01 7.067221418622942508e+01 3.924472864368377145e+01 1.107920811122764064e+02 4.798196367165614618e+01 5.288885315809013221e+00 5.261033760484033373e+00 5.416218267682644694e+00 6.828987050530090919e+00 4.239239727159577420e+00 6.150504268641462602e+00 7.076845846628023295e+00 6.759020847980298008e+00
2.018847283194922113e+02 7.766256599410579042e+01 2.056180619947685955e+02 1.021996698874703213e+02 2.554580415484189757e+02 8.149591184626568463e+01 1.058856279875021329e+02 6.517535704970869403e+01 7.406179331155946066e+00 1.068797687025288212e+01 8.339701899067485158e+00 6.662569624535368717e+00 6.805263247769162582e+00 9.419116766956440401e+00 7.571453806130895359e+00 7.050496301018735146e+00
1.700063342298601015e+02 6.350991194865047618e+01 2.071591944766551023e+02 8.936498291116966186e+01 1.433076337909144229e+02 7.630320525324431458e+01 2.745781859258123063e+02 6.580819746596409914e+01 1.073030484880404245e+01 8.726558101287375635e+00 1.034805529437683624e+01 1.022366641558623712e+01 9.653350247684615582e+00 1.015873920732169466e+01 9.875732661234087217e+00 9.259623550214016063e+00
1.410403080986450419e+01 8.441807201542616212e+00 1.511336273891370041e+01 6.230190673978345473e+00 9.771593134787833534e+00 6.062205031541794575e+00 1.317513713521513630e+01 9.406102146994980373e+00 8.532427042662559913e+00 8.519248627772812554e+00 8.994834291875388743e+00 7.114655460859206748e+00 7.425692933267301399e+00 9.456971526285109064e+00 7.663201638024319529e+00 7.964563727973646756e+00
2.258175763041229231e+02 2.298893800520574473e+02 2.056978401835493742e+02 4.806129909265052191e+01 6.507824973114082923e+01 2.965667015721582516e+02 3.647431401420810744e+02 7.162615834780679336e+01 6.728991094559572339e+00 6.258334239201378324e+00 7.455085985219407796e+00 7.340509610172732735e+00 7.495018942752896152e+00 6.325073648322073083e+00 7.652599042882218150e+00 7.410124848339404657e+00
6.011328291083992070e+01 3.607253768817535899e+01 6.984152098050337543e+01 4.846162141913684707e+01 4.164770025191965885e+01 2.561434259647472444e+01 9.202483672490262734e+01 3.684749233994691764e+01 7.148942263712906531e+00 4.936151336067012174e+00 8.075857750801638701e+00 6.638955010994528116e+00 7.286938254473288801e+00 7.424701596920053603e+00 7.332313824321255780e+00 8.493958196713043307e+00
1.290632332746284305e+02 7.702963261241298198e+01 1.121088831579997560e+02 6.677620742296598166e+01 1.569876553623603570e+02 7.121051939646997653e+01 9.652634259471859934e+01 1.042499362648014483e+02 6.796972578869364234e+00 6.291997707992206479e+00 8.345883871585414227e+00 7.388577291267121261e+00 6.997311471706527897e+00 6.897615244867354889e+00 8.093155769382565978e+00 6.738513361338153373e+00
1.472947534686775839e+02 6.813026584452967427e+01 2.232631300174572004e+02 9.130511569692411911e+01 8.421797832887304480e+01 4.022144471380932629e+01 1.067996902643494082e+02 4.414072029444820799e+01 7.050515743565015647e+00 9.568340475579100612e+00 9.099610808020999642e+00 8.095669155813506990e+00 5.962252282322290320e+00 9.000281942920167921e+00 5.005883128740741483e+00 7.953908485707388287e+00
1.775141940234518358e+02 8.491577855051215806e+01 2.107424358053971503e+02 1.111539419040947081e+02 2.390992998692290996e+02 1.177726239146797980e+02 1.536160914491814538e+02 7.826237670732447782e+01 6.087423914506831402e+00 7.631716855115461939e+00 7.924740507029900627e+00 1.005995962979753600e+01 7.896254901397311343e+00 1.011835505526363832e+01 1.108592363386172153e+01 9.831777251121669892e+00
2.058503610313007073e+02 1.505673754390725492e+02 1.313761423216992625e+02 4.392379856355746170e+01 2.623632519163223265e+02 1.261255553751809231e+02 7.984453164376895984e+01 5.988239789051954887e+01 4.857733936736661207e+00 5.139075153622209235e+00 7.173572046112353995e+00 8.141512509964359268e+00 5.167057798397033608e+00 6.155267718471399974e+00 8.104198190336751040e+00 8.009108278368154643e+00
8.872754090086033329e+01 8.124770241434858065e+01 1.157067094038871460e+02 8.564024113623655410e+01 7.546458739348372546e+01 4.381686585098918130e+01 1.254914888149609453e+02 6.298878519501611351e+01 8.206609120633984844e+00 4.562012996726407366e+00 6.015167439792526771e+00 7.764267904559739364e+00 8.755591553290360096e+00 6.535125326198436113e+00 1.225453968023234452e+01 9.194141286273396219e+00
2.011776966382979595e+02 9.940981443772786008e+01 2.303851082231916507e+02 6.872542402694358543e+01 1.387378238808254309e+02 1.078184074370089860e+02 1.760372519273308569e+02 6.516284200807824334e+01 8.727037570144691614e+00 9.442422325476762524e+00 7.744998351113910218e+00 9.894771293386167343e+00 9.254821947399261006e+00 6.221431940424373863e+00 7.777601704588127163e+00 8.142766359062223458e+00
1.514220340856826681e+02 4.896719048873276847e+01 2.113298008258120433e+02 6.059427124208558979e+01 2.033342101480757265e+02 6.316659817824916701e+01 9.725005003752684729e+01 9.379634096609011351e+01 1.088523528485730196e+01 9.523230861430704408e+00 1.066966650511769110e+01 9.114425148316545489e+00 1.152401774356460074e+01 7.952463606539823537e+00 1.041084155022197955e+01 9.228764791590107208e+00
1.084641885530667764e+02 3.728249530044686111e+01 1.067421290404195986e+02 7.131004872832139085e+01 5.576891437809354812e+01 2.808205646144664058e+01 8.509537991468025098e+01 3.235830048988706409e+01 8.386179906190511346e+00 6.752604757812826541e+00 6.087838701217081372e+00 7.625293444495182094e+00 5.298121135320529085e+00 5.397145030142954880e+00 5.822762068859575812e+00 6.597347875256827088e+00
1.298929556641029990e+02 4.224565163650386523e+01 1.313104242290600041e+02 6.178414289130162729e+01 9.130088733638454812e+01 3.076923326459263208e+01 8.422115259901539730e+01 4.919460026721847612e+01 5.566542192644828191e+00 8.545829353580314702e+00 6.592157928201601180e+00 7.456209996098239756e+00 4.937434259811085191e+00 4.864544923213133032e+00 5.906073302913517509e+00 5.494193374960821608e+00
8.824260418498364800e+01 2.980192706445199846e+01 3.052985799292507707e+01 1.469151225389345505e+01 6.684542849563547406e+01 1.358964549294751833e+01 6.680396773540816469e+01 1.755092984852625193e+01 6.672188810822539118e+00 7.399369307096714365e+00 9.191490284159671731e+00 6.997668164622207421e+00 6.087312165267459108e+00 6.069572343339878273e+00 7.412220261128168453e+00 7.899165933175066101e+00
4.618460023428213646e+01 4.063021907148704059e+01 3.361304882664251181e+01 2.467244167719974257e+01 3.494421909841047125e+01 2.120655917019199777e+01 8.194051259685464572e+01 1.720327404650336334e+01 6.779537579791892199e+00 1.054184685379176045e+01 8.990413663748347162e+00 6.702893439948041987e+00 8.801732281048042950e+00 1.054434061122844390e+01 1.122856212442787438e+01 9.738585670289650054e+00
8.387316377394807887e+01 3.698675842392454172e+01 6.014376836705964280e+01 2.581139126525257765e+01 1.283798888301451484e+02 4.305768024631458246e+01 9.322148620948820508e+01 4.208983416829474322e+01 8.530999244227951195e+00 6.687260805483009385e+00 9.449942932437004117e+00 7.000174783149792468e+00 7.926793851928274570e+00 7.718634092374140110e+00 9.467889446630552541e+00 7.759093403785092491e+00
1.421774236271254495e+02 9.821420847680177246e+01 1.826977766294263006e+02 7.694781721379949602e+01 2.012419580760427493e+02 1.035132265961977396e+02 8.233573707118746654e+01 5.850841629813503175e+01 7.877011754733446836e+00 1.032830325273924998e+01 7.306211016809110781e+00 9.318278036991349822e+00 8.641166928051129403e+00 1.123356597338276153e+01 9.589396818870106642e+00 8.053227191062763524e+00
1.712025527907361493e+02 4.348709910361472453e+01 2.407630018453118339e+02 8.586891860291258638e+01 2.591835279132629353e+02 8.731368251294330207e+01 1.059233999688796217e+02 6.837574131404652178e+01 8.865597369614121703e+00 7.480215287489735410e+00 8.033125658946463687e+00 8.643741412961301052e+00 8.397199723506838964e+00 7.903476502361292511e+00 8.945164924033196741e+00 1.004813968187395723e+01
1.326238293985419148e+02 8.659571528613483338e+01 1.771635983173712816e+02 8.331895005644267371e+01 2.354188581047088462e+02 9.762256547522255801e+01 9.528357927051388288e+01 5.653822156083035111e+01 7.572015829885982541e+00 8.196863112232556148e+00 8.229494080711031501e+00 1.235208827680004084e+01 9.788227732305845308e+00 8.658968678971875832e+00 9.415602269958956327e+00 1.045521338524748600e+01
9.295434613277399194e+01 8.965431296149284890e+01 1.264983662030494997e+02 5.712544837848026447e+01 2.702561045663056234e+02 3.560717456655454072e+01 2.477246385868826053e+02 1.449633348901410841e+02 6.750868538725423917e+00 5.317730359821224440e+00 6.376082598537505142e+00 7.520706268861077959e+00 4.457961008394923041e+00 8.493890485908057286e+00 4.741060530679413354e+00 5.040610896227255999e+00
1.737485962512562025e+02 8.055162308018977058e+01 1.452025215071439277e+02 8.797042940762494823e+01 2.276252411426370372e+02 1.173504642154355082e+02 2.927141103342444239e+02 8.579389132246052441e+01 8.537317609117646811e+00 7.557121202010168126e+00 7.130787943732973311e+00 6.441260813198381285e+00 5.783216165113381990e+00 6.340111704439587825e+00 6.089382623666679706e+00 6.543286297959597597e+00
2.166036145299745783e+02 6.479020130346370365e+01 2.384869729032702423e+02 1.588641418894768549e+02 7.341940790259876337e+01 3.434188447106924258e+01 8.819394846038818514e+01 3.629226749821083331e+01 7.471039478903179543e+00 6.455892398108133534e+00 8.031878912787655977e+00 7.258993958564074589e+00 6.499949269673389374e+00 6.939395118272861929e+00 7.775978651503288930e+00 8.705226020933979569e+00
1.101705105219050296e+02 7.444852707679817172e+01 7.200889602326959960e+01 6.324180020696478266e+01 1.430662861346471004e+02 5.759460965183409087e+01 1.102528023834580466e+02 7.984044526071267001e+01 6.665431621912120796e+00 5.899403443303683936e+00 8.597508516823580749e+00 8.735649399751821420e+00 7.022953160521880456e+00 5.961505995549625680e+00 7.496077043413290397e+00 5.497403408640515465e+00
8.277328877198853263e+01 3.665421976908854163e+01 5.520397522153786696e+01 3.615834304898073270e+01 5.472379389580715525e+01 3.024945910350574252e+01 8.716442024069147010e+01 5.355015057206174589e+01 6.712704561599982966e+00 5.187437503580312637e+00 6.544732919537194604e+00 8.186465450558898738e+00 7.833112794917496124e+00 5.512198481126171501e+00 8.426757380217098969e+00 6.830012149513351893e+00
1.532155105002149753e+02 9.403579593675830495e+01 2.035957702244254790e+02 1.021891455657749219e+02 2.928907206939369416e+02 1.167279804982235021e+02 1.125879732624871252e+02 8.400076260176341236e+01 7.165170159022367535e+00 7.644127638404961012e+00 8.994623990843473749e+00 9.780834805027813772e+00 8.067835895562691206e+00 7.729133661841195213e+00 7.949777162520977214e+00 1.054506040392623589e+01
